14 0.2963046982602405 0.22771289038827192 0.012904392219038989 0.025411726215953615
14 0.31625687392198537 0.22781215494380297 0.011514688441604016 0.02640437177126433
14 0.3104995297011834 0.2727789985993772 0.0210440857725866 0.013897037774349634
14 0.3106980588122455 0.292731174261122 0.022632318661083773 0.010124984664169041
14 0.3103010005901213 0.3125840853673358 0.020249969328338047 0.012110275774790402
14 0.3093083550348105 0.33472008125076413 0.023426435105332287 0.01389703777434967
14 0.40509865112229193 0.4574110718871653 0.010919101108417522 0.022235260438959372
14 0.5172808890170002 0.3933088701490676 0.010895718700075534 0.02179143740015107
14 0.5344217147768751 0.3935746193856549 0.010098470990313899 0.02391743129284869
14 0.6577293605533395 0.35278211156951855 0.017539449614755825 0.011427217173249958
14 0.6509527550203658 0.4524380752897214 0.020994189690389364 0.012490214119598875
14 0.6679419125186574 0.5807890929810823 0.009422932192807992 0.02355733048201955
4 0.4816165342990679 0.5912889950986926 0.20625751577590512 0.2162039442016467
1 0.6090142800839629 0.40593354522063535 0.12216753522642364 0.07247999291418424
1 0.3510037392699486 0.40297052664238253 0.12581432732273476 0.07293584192622311
21 0.4836048891732073 0.21389465638976396 0.28493266270899215 0.2451201536729412
0 0.4422311052729975 0.8571399004232149 0.1959399954519372 0.0733799186154664
14 0.6623708611193968 0.22287198685867746 0.010148286617032766 0.0241997603944624
13 0.32084198458464597 0.5796232933189772 0.05932844483803674 0.07572183091170473
17 0.3407482391026715 0.4851661640373662 0.10382477846656425 0.08352820523249903
9 0.651249415783687 0.29218224392005 0.03814925951094814 0.09809809588529489
