14 0.178684390164159 0.17103149586802963 0.03448733684287266 0.04461691196557293
14 0.18268292197202826 0.3389026271384978 0.03248807093893799 0.04647594996413844
2 0.1774348489741998 0.2571049552016141 0.028989355607052403 0.047963180362990944
2 0.24990823799183073 0.5441404221801334 0.025990456751150363 0.04424510436585983
2 0.17443595011829785 0.5465571715782686 0.029988988559019686 0.04312968156672049
2 0.1714370512623959 0.7352495284326708 0.029988988559019703 0.0427578739670075
2 0.24016181671014933 0.7359931436320971 0.03048880503500335 0.04647594996413858
2 0.349871533188563 0.7636928098107236 0.051980913502300795 0.024539301581065303
2 0.3328777730051185 0.8231820257648209 0.031988254462954266 0.04536052716499924
2 0.47907409223033953 0.788975726591215 0.06147742654599028 0.029000992777622372
2 0.4778245510403804 0.8363811955546362 0.0609776100700067 0.024911109180778226
2 0.58153646980699 0.8363811955546362 0.060477793594022985 0.03011641557676157
2 0.688349266876918 0.8358530357456718 0.08276826844072162 0.034044777183869
2 0.8006612791221577 0.8359079334081873 0.08520262927721348 0.041288346797458075
2 0.7339280934115717 0.5601180974736522 0.04393085200304981 0.060882624945748344
2 0.6650228529410347 0.5610134301934425 0.024071699727698643 0.04476663598952079
2 0.735259168020836 0.6370735769629243 0.02837464550021025 0.04664091011725759
14 0.8203605201699318 0.1705837660915675 0.04186380921257253 0.05205826104156834
14 0.8188436115384491 0.25448123143088064 0.03561547947935239 0.05159345513941147
14 0.8222801928917199 0.34163233808529186 0.02999198271945488 0.04833981382431343
14 0.6676340319945311 0.6356220711995054 0.03311614758606467 0.05066384333509774
2 0.17529080632089047 0.8130631802225992 0.0387847330366659 0.04682457674063471
2 0.24427676590250116 0.8142456190291809 0.03687728714961676 0.05013540539906359
22 0.20918540583931303 0.6417726886822774 0.10877641103644278 0.09336633829894375
13 0.49995311995595815 0.4399888692337721 0.1380623678539466 0.07858333473494433
1 0.27455584516409837 0.4438791333295613 0.2688032465035172 0.11592987005452166
1 0.7243044677186213 0.4399888692337721 0.26252768432833784 0.11592987005452166
21 0.5015220104997531 0.16805940893809862 0.538652420036231 0.33611881787619724
4 0.45189200693912585 0.6197266826127712 0.3153758296294805 0.2324844524974238
0 0.4990594349712347 0.9487447745005362 0.4105397844729811 0.08827288836018767
5 0.06086310164780198 0.11119624902960894 0.11977858404287431 0.06592090333351411
5 0.06232381608734924 0.21732165934125525 0.12075239366923915 0.06664530886465159
5 0.06524524496644374 0.31982504199721395 0.1227000129219688 0.06736971439578923
5 0.06183691127416682 0.42341503294987903 0.12367382254833365 0.0717161475826142
5 0.06524524496644374 0.5244696045435626 0.1188047744165095 0.06374768674010156
5 0.06378453052689649 0.629146203792934 0.11588334553741499 0.06447209227123891
5 0.0642714353400789 0.7334606002767364 0.11685715516377983 0.06302328120896405
5 0.06329762571371407 0.8341529691048515 0.11490953591105017 0.061574470146689035
5 0.06329762571371407 0.933716893900917 0.11880477441650948 0.06447209227123891
5 0.9371036582534233 0.9307182905390674 0.12321232075483224 0.07150143093081766
5 0.937316764695138 0.8280249602088995 0.12127704870109142 0.06382342492482379
5 0.9389294914065885 0.7262913806294811 0.11547123253986896 0.0676624279278208
5 0.9376393100374281 0.6247977387377499 0.11547123253986882 0.06238379879870003
5 0.937316764695138 0.5223443460952695 0.11353596048612814 0.06670267717707169
5 0.9363491286682677 0.4206107665158508 0.11934177664735074 0.07054168018006848
5 0.9360265833259774 0.3164778100595591 0.11998686733193097 0.07054168018006848
5 0.9350589472991069 0.21690366966932637 0.11676141390902942 0.0691020540539447
5 0.9334462205876563 0.1115710247745982 0.11611632322444948 0.06862217867857007
9 0.8200041897070081 0.5911138108808914 0.06897477244823307 0.1504142158484076
18 0.7409715179968702 0.7472 0.20433176838810638 0.11200000000000003
