2 0.2788436434957022 0.2553665849621216 0.011083743151502788 0.014286242515363413
2 0.28380216016874293 0.29435612182696763 0.010500388248792127 0.011309941991329352
2 0.2812170875140367 0.35454921118860705 0.010624537721481602 0.01142423410911988
2 0.2814455721962191 0.3728513005266869 0.01039605303929907 0.010724791204479943
2 0.2811504014254412 0.39133830514607726 0.009367871969478329 0.011890529378879862
2 0.28200721898362513 0.4090575253969571 0.011538476450211093 0.010957938839359898
2 0.2947452400152939 0.4482263280567969 0.0059406017367423306 0.020750139504319875
2 0.27000279553137424 0.4447750443690778 0.008303722781780145 0.04115547734409979
2 0.27092543139601655 0.5106776061292375 0.009621774016983338 0.045997298208111485
2 0.29412313313559274 0.5260100388652746 0.005404010064333136 0.019636273504047636
2 0.25879936003214715 0.5642066256813671 0.004876789570251851 0.020712233696050363
2 0.27066182114897586 0.5643411207053675 0.0054040100643331715 0.020981223744050866
2 0.28324921044516643 0.5857258295214194 0.010280799634584916 0.012104552160029272
2 0.23322916606920516 0.5066427554092278 0.02385672735717783 0.02071223369605029
2 0.2299999405429573 0.3589672190568699 0.022934091492535558 0.019098293408046346
2 0.34887636610175493 0.7391530639201948 0.011553650355078063 0.009252471222098109
2 0.3670843340664032 0.7525840705329178 0.006727441978906228 0.018206475630580313
2 0.38551167513905926 0.7412423316155072 0.02222980827812485 0.01820647563058003
2 0.42565695390448866 0.7401976977678509 0.010676157923046858 0.008954004408482064
2 0.4238288446710902 0.7600457408733194 0.019889828459374925 0.01701260837611599
2 0.3526788333072236 0.7857138868443013 0.009798665491015584 0.04208382071986577
2 0.4036465187343715 0.8325731765820242 0.02076732089140613 0.01701260837611599
2 0.40379276747304343 0.886894136660149 0.023107300710156053 0.01701260837611599
2 0.45022674200136337 0.8319762429547921 0.02325354944882797 0.018206475630580313
2 0.450738612586715 0.8858495028124926 0.022814803232812365 0.020892676953124863
2 0.2702635637653951 0.6676364584096458 0.024203557389292314 0.02236755399857586
2 0.08242909639183509 0.7115678115796947 0.022376873812741938 0.01863962833214643
2 0.027171918201186633 0.6519210009168256 0.010960101459302169 0.04193916374732978
14 0.08037407736821592 0.6190686559814174 0.025116899177567466 0.023765526123486824
4 0.11204764246235996 0.6382325594521192 0.017997654131144306 0.03672990639009029
4 0.06809183333437292 0.65730385700082 0.03899491728414597 0.04850231228435007
14 0.27067721995959054 0.6382422179782178 0.02428188424573783 0.023060185078797348
14 0.21832357002403227 0.23316541443428818 0.011397588349460933 0.047489951456087205
14 0.2389816989074302 0.2313885795158631 0.010289489482152234 0.05168974308145536
14 0.22961391529018121 0.30060816210808894 0.0251696742717262 0.018414470972768413
14 0.22929731561380734 0.3291990512500189 0.02611947330084792 0.019383653655545778
14 0.2793200644808858 0.3342064951110349 0.024536474918978327 0.020352836338323
14 0.29546707323880544 0.25273425853437703 0.01054101246930756 0.011082078662846512
14 0.333318890742228 0.2509415693389166 0.024276271141435542 0.019230665914939528
14 0.3203397565308794 0.7428466867566726 0.023922970743011297 0.020394162607062043
14 0.39453124807566115 0.7675668838561418 0.02452861557194822 0.020394162607062043
9 0.33193533675905196 0.8269440285631464 0.026554826940724183 0.12563044285500297
21 0.1949365704966796 0.8287977298348488 0.18346971340863966 0.2660409378105946
21 0.6261507488863934 0.8634013768760499 0.12010024002736593 0.21677409747529922
21 0.8129398156626234 0.8664805543970059 0.12191079640968823 0.21800576848368153
8 0.9528945588001473 0.4739124365611211 0.07587795393273553 0.5134051396078811
16 0.11636317096396036 0.4099966145249172 0.18587552473455374 0.3959663121267261
2 0.3787087159290023 0.25198419730940336 0.011142302281865923 0.013220576983704255
2 0.412524307737921 0.2456383203572253 0.005182466177612141 0.020624100094578636
2 0.45781618581218825 0.7385870661785703 0.009891068461267735 0.009512873725357024
2 0.47481290690367695 0.7388190874889446 0.010686901555852444 0.010440958966855334
2 0.4918664732162074 0.7433435030412486 0.005457141220009731 0.019489790071463346
2 0.5389289431925173 0.6389154527071506 0.0056017775773262455 0.021911715013351128
2 0.5387820794858951 0.5847887419867535 0.005757382510029814 0.021276592839051176
2 0.5401825238802265 0.5376309205449763 0.004512543048401767 0.020959031751901166
2 0.5399491164811713 0.4815813886629985 0.009025086096803392 0.011114638050250605
2 0.5367592153607496 0.42584941786817077 0.004823752913808761 0.020323909577601
2 0.5460177088566082 0.4256906373245958 0.005601777577326174 0.021276592839051034
14 0.5476486961433362 0.2686635718737419 0.016805763857633948 0.040262255914473785
2 0.6861928516847459 0.29330107479207224 0.037061826356247565 0.02969428264370553
2 0.7268235946530764 0.2944216137597592 0.03706182635624742 0.02857374367601853
2 0.7111752679693275 0.22494819776316524 0.009059557553749471 0.011765659160713504
4 0.7137833224166189 0.2563232888584012 0.021962563766665114 0.03641751644982755
2 0.7890051033174472 0.285737436760185 0.03678729430916434 0.029134013159861992
2 0.8301849103799445 0.32663710908076043 0.043376063439163774 0.04370101973979296
2 0.8765808263370249 0.30674754240431623 0.008785025506666244 0.011765659160713433
2 0.8655995444536921 0.28041487666367176 0.006039705035832981 0.02072997090220948
4 0.7903777635528638 0.3661361076917272 0.019766307389998728 0.06667206857737654
17 0.7813182059991145 0.4613819199451223 0.04227793525083058 0.11709632212329162
4 0.8333420289214026 0.514327386168333 0.044199659580413594 0.13782629302550098
2 0.7711605202570319 0.5641913702304044 0.013177538259999153 0.07283503289965503
2 0.7972410647299466 0.564751639714248 0.014275666448332487 0.07395557186734215
2 0.870815653348275 0.5426209951024298 0.014275666448332487 0.07339530238349859
2 0.8944254093974402 0.5429011298443516 0.02086443557833192 0.09076365638264704
14 0.8948372074680652 0.6020095603898408 0.0249824162845816 0.01960943193452245
2 0.8675212687832754 0.6204984533566763 0.01153034597749908 0.009524581225339404
14 0.8591480413472342 0.6457105801296337 0.022237095813748484 0.016247815031461384
14 0.8957980696328568 0.6347853251946856 0.02251162786083185 0.0156875455476181
14 0.8957980696328569 0.6670008205156868 0.021413499672498518 0.01848889296683538
13 0.8992297202213981 0.7045388759332013 0.037061826356247565 0.026332665740644502
2 0.7136460563930774 0.8460069206036852 0.014001134401248975 0.07395557186734195
2 0.3044117307835618 0.885501043425636 0.009274320366033031 0.011065123199662708
11 0.8577774944800494 0.40390525296394814 0.044234139800406636 0.07072995213193557
14 0.8481215142711224 0.2321270283600382 0.01010564359760238 0.050023594013316346
14 0.8630649659739599 0.23168822490378108 0.006020383419848372 0.02106256590034377
14 0.88596392433874 0.21435548838162322 0.023006465211562813 0.017113334794029312
14 0.8847813490241269 0.25362839771663914 0.022361424130864976 0.019307352075315122
14 0.8842438147902117 0.2806148102764546 0.02386651998582721 0.021501369356600897
10 0.9246030366465419 0.8189654447197172 0.07800310219379625 0.17133703293121327
10 0.9236632402345687 0.11251984252199083 0.07862963313511159 0.16110795633830505
10 0.06406278874952324 0.12178994318431392 0.07675004031116477 0.169419081070043
10 0.06280972686689199 0.8148098823538483 0.08740106631353049 0.16430454277358877
10 0.13392098870621605 0.07831636766445384 0.026001034064598708 0.05178470025159806
10 0.17229600886179847 0.07863602630798221 0.027567361417887782 0.05625992126099539
10 0.210357763546723 0.08087363681268091 0.026001034064598656 0.053063334825711586
10 0.24700982361368737 0.07863602630798222 0.02537450312328307 0.05625992126099541
10 0.2850715782986119 0.07991466088209574 0.025061237652625187 0.04603084466808715
10 0.32407312939551 0.08183261274326606 0.026001034064598656 0.05625992126099541
10 0.36009865852115874 0.0808736368126809 0.029760219712492528 0.059456507696279234
10 0.39925684235338565 0.08183261274326604 0.025374503123282963 0.05498128668688187
10 0.4370053315676525 0.08151295409973766 0.024434706711309602 0.05689923854805217
10 0.47318749342863 0.08055397816915251 0.027880626888545593 0.05881719040922248
10 0.5126589427315149 0.08311124731737958 0.029760219712492528 0.05114538296454128
10 0.5483712063865057 0.08247193003032281 0.02725409594722997 0.05753855583510894
10 0.5872161247480748 0.08119329545620929 0.026627565005914205 0.057538555835108945
10 0.6237115520797104 0.08119329545620929 0.0281938923592034 0.05114538296454128
10 0.624338083021026 0.15887034583360635 0.028193892359203332 0.05050606567748451
10 0.5873727574834038 0.15535410075479417 0.026314299535256394 0.060095824983336
10 0.549780901004466 0.15950966312066311 0.025061237652625225 0.053063334825711586
10 0.5112492481135547 0.15887034583360637 0.02694083047657209 0.053063334825711586
10 0.4731874934286301 0.16014898040771985 0.026001034064598656 0.049227431103371
10 0.4365354333616656 0.15950966312066314 0.026001034064598586 0.05178470025159806
10 0.39816041320608336 0.15950966312066314 0.025687768593940844 0.05178470025159806
10 0.3602552912564876 0.15823102854654958 0.02380817576999398 0.050506065677484495
10 0.3229767002482076 0.15919000447713472 0.027567361417887747 0.05114538296454127
10 0.28491494556328306 0.15887034583360635 0.026627565005914348 0.05050606567748451
10 0.2468531908783585 0.15855068719007798 0.02506123765262526 0.044752210093973656
10 0.2083215379874472 0.15919000447713474 0.023808175769993944 0.049866748390427734
10 0.1715128451851539 0.15887034583360637 0.026001034064598673 0.053063334825711586
10 0.13407762144154498 0.15919000447713474 0.030073485183150287 0.05242401753865483
2 0.5965797873761882 0.7414520907308219 0.011132107991752349 0.016522609264196575
2 0.8599522379652131 0.7057522356828211 0.02319802681169179 0.08764836385002099
10 0.6637114038668648 0.08209170115854852 0.024901149351426285 0.05941875512428273
10 0.6635198565641616 0.16183792514113854 0.022219487113580526 0.04378224061789254
10 0.7010631278940045 0.15949244796517997 0.022219487113580526 0.05160049787108766
10 0.7002969386831913 0.08170078829588878 0.026050433167646075 0.052382323596407154
10 0.737074020802221 0.08091896257056927 0.027582811589272324 0.05238232359640716
10 0.7763412178563933 0.08170078829588878 0.02490114935142657 0.05081867214576814
10 0.8146506783970494 0.08209170115854852 0.02413496014061323 0.05316414932172668
10 0.8498953820944528 0.08052804970790951 0.02336877092980018 0.05316414932172667
10 0.8498953820944528 0.15988336082783977 0.026433527773052676 0.05394597504704615
10 0.8133098472781265 0.15949244796518 0.026050433167645933 0.05472780077236568
10 0.7761496705536902 0.15910153510252023 0.02681662237845913 0.05550962649768522
10 0.7389894938292538 0.15910153510252026 0.024518054746019688 0.052382323596407133
4 0.4155050451063901 0.4985119145386566 0.22714741742569683 0.4664188728301595
