2 0.3144572508205175 0.22712604401741854 0.018565390642439075 0.01031410591246619
2 0.3134258402292709 0.25518041209932646 0.015677440986948524 0.007838720493474262
2 0.3276593063884741 0.24197835653136976 0.009488977439468868 0.005363335074482372
2 0.3478749539769078 0.2617814398833048 0.006188463547479728 0.01031410591246619
2 0.39346330211000835 0.21351142421296324 0.0066010277839783525 0.011139234385463475
2 0.4151229245261872 0.21330514209471388 0.007838720493474227 0.017327697932943132
2 0.4316254939861331 0.2135114242129632 0.01361461980445533 0.03671821704837953
2 0.44606524226358574 0.2143365526859605 0.005363335074482336 0.011139234385463439
2 0.46937512162575923 0.21309885997646455 0.014027184040953955 0.034242831629387675
2 0.45493537334830664 0.2137177063312125 0.006601027783978281 0.009076413202970209
2 0.3480812360951572 0.2473416916058522 0.005775899310981103 0.011139234385463439
2 0.35117546786889703 0.2186684771691963 0.006188463547479728 0.009901541675967528
2 0.2779453158903873 0.30345042776966813 0.03795590975787544 0.0152648767504499
2 0.2791830085998832 0.3228409468851045 0.03795590975787551 0.013614619804455295
2 0.24638415179824086 0.3081949164894025 0.008663848966471549 0.004125642364986426
2 0.24617786967999153 0.31665248333762475 0.007426156256975673 0.0037130781284878366
2 0.2467967160347395 0.32634774289534296 0.010314105912466119 0.004950770837983782
2 0.3625209843726098 0.3244912038310991 0.0066010277839783525 0.011139234385463404
2 0.4039836901407237 0.34718223683852467 0.01031410591246619 0.006188463547479586
2 0.4250244662021547 0.3469759547202753 0.010314105912466119 0.005775899310980961
2 0.42543703043865333 0.35667121427799353 0.011139234385463439 0.005363335074482478
2 0.4033648437859758 0.3560523679232455 0.009901541675967565 0.004950770837983782
2 0.3695345763930868 0.3830753254139069 0.014852312513951275 0.03589308857538235
2 0.39305073787350964 0.3843130181234028 0.015677440986948597 0.0367182170483796
2 0.4454463959088378 0.38410673600515355 0.013202055567956705 0.03548052433888366
2 0.4646306329060248 0.3843130181234028 0.014439748277452723 0.0367182170483796
2 0.4648369150242741 0.32861684619608555 0.015677440986948597 0.03589308857538228
2 0.4185464179278767 0.5769710847433571 0.007838720493474298 0.004538206601485086
2 0.36676960624729665 0.5792401880440997 0.03713078128487823 0.009076413202970243
2 0.4756865646829393 0.692489070962978 0.006601027783978281 0.010314105912466119
2 0.5534549232629342 0.6953770206184686 0.004538206601485086 0.010314105912465977
2 0.5643878755301484 0.6916639424899808 0.008251284729972923 0.016915133696444543
2 0.5837783946455848 0.692489070962978 0.014027184040953884 0.03671821704837953
2 0.5722265960236226 0.7176554893893955 0.009076413202970172 0.005363335074482336
2 0.6482548398597703 0.8529668945523295 0.01935089074208271 0.011203147271732092
2 0.6426532662239042 0.8117189432336795 0.007129275536556676 0.009166211404144491
2 0.5527734710665991 0.804844284680571 0.005601573635865975 0.007638509503453861
2 0.47562452508171676 0.8178297508364423 0.005092339668969075 0.009166211404144491
2 0.48402688553551587 0.8185936017867878 0.004583105702072317 0.008656977437247661
2 0.7045613544204753 0.6398271454951734 0.004553025198412399 0.008726631630290527
2 0.719548395698583 0.6284445824991423 0.012141400529099827 0.03528594528769652
2 0.738424479333668 0.6288240012656765 0.013089947445435825 0.03566536405423094
2 0.8507616935610812 0.7357573807291098 0.010937069905045718 0.02083251410484877
9 0.26137872267144696 0.17288847018189643 0.049104417566455824 0.019437165286722083
9 0.32045747505608907 0.20178846593715424 0.04756990451750411 0.01790265223777034
4 0.5991842762041419 0.2843682082509562 0.21770622471438195 0.15188806375422
4 0.5999578518291687 0.5050278119827812 0.2058927086446092 0.1797342087758269
14 0.2613413327500263 0.1922055123007275 0.012425940960294639 0.006873924786545978
14 0.26147352361130605 0.2023842086192667 0.012161559237735204 0.007667069954224353
14 0.2613413327500263 0.2121663323539667 0.010839650624937889 0.005552016173748662
14 0.2621344779177047 0.22102312005970867 0.01031088717981895 0.005816397896308096
14 0.2889692227574899 0.20264859034182614 0.007402688231664883 0.011368414070056794
14 0.3422421398532211 0.2191724480017924 0.006080779618867566 0.012690322682854109
14 0.4031821269031767 0.2142813861344424 0.005816397896308203 0.012425940960294675
14 0.3691256130955288 0.4787877192194428 0.010947232581778862 0.005788191939791076
14 0.36805605588926305 0.48797332816737216 0.010569741803096803 0.005536531420669775
14 0.3686222920572861 0.5032617047039943 0.01069557206265749 0.0059140221993519045
14 0.40421016712468455 0.5659379831194574 0.00604686867164169 0.010562884515019633
14 0.41274467164225487 0.5662441536851103 0.005357984898923078 0.012093737343283308
14 0.4033681980691396 0.577074937445076 0.010180171307953713 0.005893783388815237
20 0.3677571583414958 0.5373467759335199 0.039134700088246176 0.05526055640601591
21 0.2713113952189832 0.707479690963859 0.32857781427904537 0.2609846639130703
21 0.21169799177121348 0.5258230993553012 0.2224941199546678 0.10608369432437748
21 0.22155532619958485 0.39617096464502033 0.22906567624024873 0.07698108791680497
21 0.17790141658822595 0.24643336070928398 0.12861474444636917 0.13988026950736504
14 0.5716344350577692 0.7265408576643102 0.010306784322951401 0.005788741880013646
14 0.5729051344948454 0.7423540062145918 0.012565805544420243 0.006918252490748245
14 0.5718853410974569 0.7506303952461747 0.011436294933685715 0.005788741880013646
14 0.5717441522711151 0.7649610611198671 0.010871539628318416 0.006494686011722734
14 0.5722383131633114 0.7740677404189131 0.011577483760027575 0.006071119532697367
14 0.5723089075764825 0.7874100845082131 0.011153917281002066 0.006494686011722734
14 0.6395147889151788 0.7776680554906289 0.011436294933685715 0.007341818969773612
14 0.6389500336098115 0.760795990742784 0.01284818319710375 0.007200630143431681
14 0.6394441945020078 0.7335465472588169 0.012989372023445469 0.008330140754166137
14 0.6393736000888369 0.7209807417143966 0.011436294933685786 0.007483007796115402
14 0.6394441945020078 0.7039674881402098 0.012424616718078312 0.005929930706355577
14 0.6731177295845268 0.8511568396015354 0.00691825249074796 0.01087153962831863
14 0.8420298331719305 0.8095822696796137 0.006169169887937187 0.011582931218167829
14 0.8471277467547932 0.7548420012883054 0.006169169887937045 0.012716044054727576
14 0.8475684017467887 0.6891214567678324 0.005287859903946099 0.011708832644452088
14 0.8432877532531181 0.7131686291881587 0.006043268461652644 0.013471452612434263
14 0.811109096129998 0.6161156897875206 0.008953310875211002 0.009248474969998241
14 0.8301490165889363 0.5834902213784515 0.011708175759891476 0.0063952220537220935
14 0.8306409567469147 0.5738973882978684 0.010921071507125362 0.007083938274892319
14 0.8304441806837233 0.56464891332787 0.010330743317551168 0.006296834022126418
14 0.8310345088732974 0.5562367366264357 0.01033074331755131 0.007182326306487923
14 0.8306409567469147 0.5460043813404802 0.011314623633508348 0.0065919981169136575
14 0.8047649044372389 0.5358704140861204 0.010724295443934153 0.006591998116913729
14 0.8051092625478239 0.5242114323420267 0.010625907412338478 0.006493610085317769
13 0.8343305079317545 0.5199807469834106 0.024203455772548354 0.011216235601912814
13 0.8343305079317546 0.5347881457385674 0.022826023330208473 0.009937191191168324
14 0.7695642008000914 0.6446549306747147 0.01194416067492952 0.007166496404957883
22 0.5003485275477919 0.669691708363215 0.03299227875856033 0.029177546527101725
22 0.597461120792766 0.644337584435298 0.03603262554566562 0.033212680937743926
14 0.5645617670336799 0.6688554361652836 0.006893197930475168 0.012376423556989521
14 0.6878322293392594 0.6398221691740905 0.007906220949137151 0.012491829099636505
14 0.6501986176213669 0.6604574058513384 0.005692479083378856 0.011384958166757286
2 0.5880478258964229 0.616697895226813 0.011405063570371183 0.0068705202231150505
2 0.6028881495783515 0.6174536524513554 0.009756138716823485 0.006183468200803617
2 0.49345564759366317 0.6910886020350964 0.009682878018334406 0.0054869642103894025
2 0.5080606552713176 0.6911692926852493 0.011458072321695595 0.005648345510695094
14 0.49299568276409034 0.8179033305486485 0.0060986958133295134 0.009986614394326949
14 0.5024486612747511 0.8175602789091486 0.005946228417996338 0.011282587254659688
4 0.5062213466229984 0.7516653910944191 0.08707499616906766 0.08550809392438012
4 0.39478917183270396 0.2577821188131313 0.0494905344793154 0.05198776328331757
11 0.38797854782178903 0.31760209970900105 0.034053120054574816 0.04222586886767278
11 0.4305449478900076 0.3179426309095468 0.032463974452028026 0.043360972869491976
11 0.45233894472493547 0.26254955562077176 0.032463974452028095 0.0433609728694919
14 0.49280626652133624 0.19768613258380413 0.006632897050770765 0.011771056737987635
14 0.5120510100770939 0.19745257987074882 0.006632897050770907 0.012238162164098227
14 0.7244066501375473 0.4938043937319589 0.012396973955042228 0.007100085083342407
14 0.6390893720751145 0.3762690498732422 0.007152318003601934 0.012046009269224172
14 0.8069230916328246 0.3393926120042363 0.0055141760687803295 0.011677078733887925
14 0.8160863548059448 0.33882497623245 0.006000721016025636 0.011839260382969669
14 0.843263484400699 0.38226214688574806 0.0063250843141894105 0.013623258522869292
14 0.8513725668547878 0.381613420289421 0.0060007210160257785 0.01265016862837861
14 0.8230590811125923 0.2998817647362265 0.006495529822406638 0.013868833945138555
14 0.7253926817887656 0.2026780859450944 0.0063199749623416325 0.011059956184097821
14 0.7366281928329284 0.2026780859450944 0.00631997496234149 0.012464395064618187
11 0.7707736131155798 0.24446014264057503 0.031424319951643014 0.04336205043606608
2 0.7994768327362145 0.2332246315964122 0.013693279085073585 0.035286526873073994
2 0.8164178767324912 0.2309424184155666 0.010006627023707465 0.018784370026959783
2 0.8281800523568493 0.23612128678748548 0.004388871501625999 0.009479962443512483
2 0.8345878047492234 0.1973236627131105 0.011586620764292946 0.0063199749623416325
20 0.7906990897329623 0.29958436870099914 0.040377617814960305 0.058108658681529875
2 0.7576947760407339 0.30976655058477176 0.012991059644813419 0.0366909657535944
2 0.8222111871146379 0.2843988733053728 0.005442200662016319 0.01088440132403278
2 0.7883290991220844 0.33890865735556924 0.005091090941886307 0.0093044075834473
2 0.7981601712857268 0.339698654225862 0.005442200662016603 0.009479962443512449
7 0.8541784488009276 0.2628984872122798 0.03721173440320868 0.1092188568198074
7 0.5355858447340851 0.14543653398918488 0.48563155697258253 0.07967392731581434
10 0.17989866921705694 0.14417186847623545 0.07018893596869356 0.07335059975106717
10 0.8336964850471494 0.14259103658504862 0.07587993077696595 0.07398293250754186
10 0.8359439040595756 0.8741657814615312 0.06829193769926946 0.06829193769926946
10 0.17736933819115808 0.8742000358262959 0.08283559109818789 0.07018893596869347
7 0.5340050128428984 0.894084263290485 0.4812052276772596 0.039836963657907204
