22 0.3225570188004662 0.4240674652698094 0.04686395430186582 0.12148351790222656
2 0.33191434300925465 0.5008382994996886 0.014229319457992346 0.012935744961811295
2 0.3882902880357566 0.5008382994996886 0.0125279877836671 0.01462301604378652
2 0.3882902880357566 0.5243194887238459 0.011290655656885206 0.011529685726831503
2 0.3127356950441347 0.34617178365194645 0.012682654299514802 0.010686050185843995
14 0.35897143468473247 0.4630788518045433 0.010128891602027679 0.05207329851826188
2 0.4547483778593345 0.6529123896042804 0.011839134228065262 0.021111742854242267
2 0.5337518312658466 0.6510495887642003 0.006830269746960624 0.026493167503362756
2 0.576133253156135 0.5739496366158187 0.025727349380218457 0.02028383136976224
2 0.5748810370358588 0.6041684057993417 0.026410376354914788 0.020283831369762098
2 0.5744256857193948 0.6534291391259068 0.027776430304306744 0.021111742854242124
2 0.5742314472792299 0.47594982263092717 0.013029985188999902 0.01184544108090904
2 0.5743617471311198 0.5001145224359816 0.013029985188999973 0.012793076367381815
2 0.5456306297893749 0.3406748854869454 0.00925128948419001 0.05022467018305452
2 0.5302552472663549 0.3490851486543909 0.006645292446389988 0.02866596741580004
2 0.4612353098791705 0.3488058072703548 0.006345582570726051 0.026831215943873516
2 0.6631978143148407 0.6996307769720673 0.015926711745822785 0.016391127011138307
2 0.7121799655331256 0.5971862331524528 0.029749895525215918 0.10107861656868629
2 0.8044491951616505 0.5958174668548781 0.02644435157796977 0.09998587476794377
4 0.7589228398882137 0.5955442814046924 0.044174087295017726 0.10053224566831517
14 0.8322458147180392 0.614667262917687 0.010517639832147268 0.056822573638612824
9 0.8372041306389084 0.700174308825792 0.07753003076268414 0.05190523553527129
11 0.7584720838954074 0.6996279379254209 0.05348971114634793 0.08359474775680553
14 0.817521118953033 0.40704632077660174 0.011719655812963907 0.05245160643564262
14 0.8358518626604894 0.40704632077660174 0.01292167179378069 0.05791531543935534
1 0.7371363002359089 0.3819132593595229 0.10036833439820356 0.11692337267945334
13 0.8711610820969834 0.3076068169090292 0.021035279664294252 0.08523386045791927
21 0.9232985252649124 0.501295301090647 0.12831520595219445 0.27373182108601
10 0.9239724892133367 0.6906128180692948 0.06851491090655813 0.1267580488861362
14 0.5746018138374143 0.6831932565959227 0.028331051506598755 0.021840665161450657
14 0.5744884896313879 0.7136877702175708 0.029464293566862594 0.021840665161450657
14 0.6668477175428995 0.7309954671379656 0.027877754682493077 0.02101648911762226
14 0.6573284842366823 0.6463113786346051 0.04555633082261082 0.032142865709304684
14 0.47278858754211883 0.704258429451304 0.013145607899061744 0.05027473867352782
14 0.4894472458279989 0.704258429451304 0.010652475366481085 0.05192309076118448
14 0.5742137519357421 0.5233517878309866 0.016092037255748152 0.014835168788909954
14 0.5745537245538214 0.5466347610691368 0.01541209201958985 0.01442308076699561
14 0.6258414511808325 0.31443434575719514 0.0293256121201442 0.02292231363681612
4 0.6074786847130786 0.3742316856793242 0.06824371418612983 0.07175680790655484
2 0.6522893163172242 0.34632626038233055 0.015347983913346326 0.0129560903164613
17 0.6228017575582423 0.7131423412446591 0.04580580057402884 0.06009046335373171
5 0.04474747797688352 0.8135905086706094 0.035118273855275675 0.08788150642180412
5 0.09213826688911037 0.8110158551621579 0.031342115376213765 0.08685164501842366
5 0.13858501618157174 0.8129039344016888 0.029831651984589005 0.08376206080828226
5 0.18503176547403313 0.8123890036999987 0.03134211537621379 0.08410534794274241
5 0.23185613061440066 0.8115307858638484 0.030586883680401408 0.08513520934612273
5 0.2786804957547682 0.8113591422966181 0.029831651984589022 0.08135905086706102
5 0.3264489005149013 0.8134188651033792 0.028698804440870484 0.0834187736738221
5 0.3728956498073627 0.8105009244604677 0.02945403613668276 0.08307548653936181
5 0.42019203475761285 0.8117024294310784 0.028509996516917296 0.08273219940490179
5 0.46663878405007425 0.8098143501915473 0.02926522821272975 0.08376206080828226
5 0.5136519571143949 0.8101576373260077 0.02926522821272961 0.0865083578839635
5 0.5591546667870909 0.8075829838175562 0.03153092330016683 0.0868516450184238
5 0.6065454556993177 0.809127775922627 0.03039807575644822 0.0823889122704415
5 0.6531810129157322 0.8084412016537068 0.03077569160435466 0.08513520934612273
5 0.7003829939040059 0.8098143501915473 0.029642844060635696 0.08444863507720257
5 0.7467353392344908 0.8099859937587774 0.03096449952830753 0.08204562513598133
5 0.7938498989072184 0.8095412277689644 0.028238421883091433 0.08198893457247138
5 0.8405855816362109 0.8091432232322049 0.031084154320922437 0.08358095271950958
5 0.8864456543843323 0.8077502073535463 0.03174086180657582 0.08318294818275007
5 0.9367932282844178 0.8101382345741038 0.029989641844833558 0.0839789572562691
5 0.9340749923269215 0.1843734771918241 0.03103116446725778 0.08395877832050276
5 0.8876206002821873 0.1843734771918241 0.029738199281122205 0.0846304485470668
5 0.8409814989251481 0.1847093123051061 0.03066174584264772 0.08933214013301492
5 0.7940653335996513 0.18420555963518312 0.029184071344206898 0.08630962411347685
5 0.7469644589618492 0.1848772298617471 0.03029232721803737 0.08362294320722077
5 0.6995865203555891 0.18571681764495213 0.030846455154952677 0.0839587783205028
5 0.6533168376231603 0.18605265275823413 0.030292327218037512 0.08664545922675883
5 0.6065853816099684 0.18823558099456722 0.0302923272180373 0.08295127298065674
5 0.559576861628319 0.18638848787151616 0.028260524782681245 0.08328710809393876
5 0.512845405615127 0.18655640542815718 0.030846455154952677 0.08496628366034881
5 0.465744530977325 0.18672432298479819 0.028999362031901725 0.0846304485470668
5 0.41910542962028574 0.1878997458812852 0.029553489968816963 0.09033964547286094
5 0.371727491014026 0.1875639107680032 0.030477036530342474 0.08563795388691287
5 0.32462661637622403 0.18672432298479819 0.030846455154952716 0.0846304485470668
5 0.2781722243314898 0.18957892144769523 0.02844523409498635 0.08563795388691281
5 0.2306095764129249 0.18806766343792622 0.03195471102878333 0.08395877832050273
5 0.184524602992801 0.18722807565472116 0.029184071344206794 0.08429461343378478
5 0.13770079232345658 0.18924308633441328 0.028260524782681262 0.08362294320722075
5 0.09078462699795965 0.18890725122113125 0.028260524782681234 0.08160793252752871
5 0.04469965357783568 0.18840349855120825 0.029922908593427194 0.08127209741424672
10 0.05554980113841573 0.31171830854650556 0.06713932799463197 0.11916504102943332
10 0.058147453709636615 0.6910119147499458 0.06753896685174288 0.1307908986908415
10 0.9233655793547451 0.3051787636119635 0.06114474513796836 0.11916504102943339
4 0.4802340858029903 0.5017447827984404 0.13546035482429958 0.24888409690206245
