13 0.16089534257270396 0.17776327230829428 0.06059134527779156 0.02423653811111663
13 0.16331899638381564 0.27683012183748346 0.05695586456112403 0.022418797752782958
13 0.16453082328937146 0.31803223662638175 0.05937951837223571 0.022418797752782885
2 0.15693158426948015 0.1369364403278089 0.03999028788334243 0.023024711205560794
2 0.1629907187972593 0.36263920148758244 0.04604942241112159 0.018783317036115434
2 0.16814098314587156 0.3953585279375899 0.04544350895834368 0.022418797752782924
2 0.13178617597919662 0.6365120821432003 0.02120697084722705 0.044231682052787706
2 0.010603485423613524 0.6401475628598677 0.01757149013055955 0.046655335863899555
9 0.0722627823975914 0.85616711786228 0.11035450100439195 0.05188308629310953
3 0.12764886310209517 0.7547753744069047 0.11364866521347826 0.1325901094157247
22 0.3964732112020438 0.4739351973045832 0.05496635761506525 0.03664423841004357
14 0.395730422585624 0.5093414546872603 0.04852885627276024 0.023274043314487045
14 0.703173223544078 0.4241322999757062 0.028721159834898913 0.07576443887481972
15 0.6833114624646802 0.32303134643314246 0.04319605213931552 0.06510709307954808
15 0.17090611933381375 0.49550254011983 0.04507414136276406 0.06072488489150167
13 0.6851895516881287 0.2735749968823319 0.05822076592690365 0.02879736809287703
7 0.8006920389302116 0.4244481644993616 0.09766063961932205 0.1540033163227771
6 0.636267577288921 0.027210715316268688 0.3925290422219186 0.054421430632537376
6 0.2128 0.0248 0.4256 0.0496
6 0.31599999999999995 0.9016 0.37279999999999996 0.05280000000000015
6 0.6759999999999999 0.8792 0.28320000000000006 0.08159999999999996
4 0.0368 0.31120000000000003 0.0736 0.10720000000000006
20 0.0700753120527546 0.6431856019162612 0.07093569645546212 0.04905127946388326
