2 0.2811374554319161 0.3545176519387948 0.009654178346390055 0.010388540706690534
2 0.2816055368062865 0.3731453801025158 0.009420137659204783 0.010388540706690605
2 0.28140467125431956 0.39124199569507545 0.00942013765920482 0.010388540706690605
2 0.2816387119415048 0.40897416000477144 0.009537158002797419 0.010030315165080595
2 0.29500304678243405 0.44864294176167163 0.005798798337809359 0.019429418737710123
2 0.29403956794097946 0.5263115368927029 0.00512543728027282 0.020478177118652567
2 0.2710706617947107 0.5640338208543981 0.005197626537741442 0.019594227027199908
2 0.2585097309951688 0.563960158346777 0.0054863835676160376 0.020330852103410423
2 0.283234551678175 0.5866482106940611 0.010756199362826067 0.010312751066947356
2 0.2836172048584198 0.29442332778180896 0.009773299448519027 0.009615424572098767
2 0.2796280133497754 0.2557365795488341 0.00966914132218676 0.011050447225356237
2 0.379175376949554 0.2521869920358099 0.009959215561852303 0.011050447225356308
2 0.4133074458168733 0.2461684448862855 0.004544496421427766 0.019535612059112105
2 0.027871574245559864 0.6533267771918432 0.008654505854525159 0.04302344616325961
2 0.536555298296319 0.42594461339662515 0.005126754170294277 0.022577542532982095
2 0.5462691483031922 0.42566927751207656 0.006745729171439905 0.022026870763885
2 0.5400630774654677 0.4815624620754346 0.009444020840015667 0.01266545068923385
2 0.5401979920488964 0.5391076619460842 0.005396583337151739 0.022026870763885
2 0.5392535899648949 0.5853640905502425 0.004587095836579067 0.020925527225690743
2 0.5387139316311798 0.6396052598063092 0.005126754170294277 0.02037485545659365
2 0.349293856497151 0.7390015141283399 0.011062995841161225 0.014317465996525272
2 0.3672374960931808 0.752768308355768 0.004856925003436672 0.01762149661110783
2 0.3529365502497285 0.7880113015779839 0.008634533339442854 0.045155085065964044
2 0.38572079402292575 0.7417548729738255 0.022395820849179984 0.01762149661110797
2 0.42498093780070517 0.7401028576665343 0.010253508340588411 0.0099120918437481
2 0.45776518157390245 0.7395521858974371 0.009983679173730877 0.01101343538194243
2 0.475169162836217 0.7403781935510828 0.009713850006873201 0.010462763612845266
2 0.49162874201453005 0.7436822241656657 0.0064759000045823 0.01927351191839918
2 0.3046371293822198 0.8854802047081749 0.009713850006873238 0.01101343538194243
2 0.4040691773692419 0.8315143713366566 0.022395820849179984 0.017621496611108112
2 0.4506147086521763 0.8315143713366566 0.02266565001603766 0.016520153072913643
2 0.40420409195267076 0.886030876477272 0.02266565001603766 0.015418809534719458
2 0.4504797940687475 0.8860109437968953 0.021856162515464773 0.016520153072913643
2 0.42538568155099155 0.7604777131231277 0.021316504181749636 0.01762149661110783
2 0.08175823755784993 0.7098159103661925 0.022125991682322432 0.01762149661110797
2 0.2331324001649583 0.5066180275693537 0.024824283350898355 0.01872284014930216
2 0.26928950852387545 0.4457687970841216 0.009713850006873238 0.04790844391144972
2 0.27104339810844974 0.5099220581839364 0.009444020840015704 0.05066180275693533
2 0.23002936474609598 0.35931332933587323 0.02347513751661033 0.019273511918399322
2 0.7137211834294561 0.8471468052575146 0.014825069092006515 0.07455756321781677
2 0.8606482074663063 0.7072163061748001 0.02223760363800977 0.08968518474027264
2 0.8707080757787392 0.5437839665125564 0.014295602338720528 0.07401729102058646
2 0.7972445637603143 0.565664990500394 0.014030868962077534 0.07563810761227806
2 0.7707712260960168 0.5648545822045482 0.012971935455505701 0.07509783541504753
2 0.8944017129882854 0.5445943748084022 0.022502337014652766 0.08860464034581149
2 0.6865381274555122 0.2933831702672795 0.035834044110358294 0.027531558500155276
2 0.7264825472138233 0.29359826056806193 0.036044832605125095 0.02796173910172012
2 0.7895083071491007 0.2867153709430231 0.03646640959465884 0.02882210030485009
2 0.8296635154021785 0.32629198628699624 0.04426558390103096 0.04430860196118736
2 0.8664461077389877 0.28133811342346154 0.004848135379636745 0.019788307671986517
2 0.8761423784982612 0.3073640398181395 0.010328636243574038 0.009894153835993293
2 0.7112761444809321 0.22381679080214545 0.009916001547058784 0.011242632139522292
2 0.868102625075054 0.6199816185069714 0.01028527581899553 0.00929344130708408
14 0.08119736972215044 0.6188611363804347 0.021547522062188778 0.019305893335958117
14 0.21819914291358983 0.23375946359282831 0.009701134657807095 0.04754693991051191
14 0.23897637619645223 0.23196671012079265 0.010159455980223164 0.04770283151677589
14 0.22975467302662655 0.3004907360143047 0.023821766916812592 0.0175912618209545
14 0.22904942334816827 0.32991611942390137 0.023665044766044047 0.02014999081309334
14 0.2947160045201713 0.2517149646016581 0.010500384101489785 0.01151428046462474
14 0.279357233744858 0.33471373628416173 0.0233516004645071 0.0175912618209545
14 0.27042407115105327 0.6387227246626571 0.02429193336911812 0.01855078519300669
2 0.2705024322264375 0.6676683463862279 0.02319487831373852 0.017591261820954572
14 0.3207231963685282 0.7421314882158202 0.023899493471249436 0.018580752941690405
14 0.3943833851497153 0.7661014791971885 0.024455356664926455 0.01829992675606732
14 0.3333061396929095 0.25167361667043875 0.02343470909306056 0.019565156014614615
14 0.8856789919794735 0.2138403246398893 0.023091714677345436 0.01773557194880599
14 0.8628976498112323 0.23271604049969 0.0058350031711570695 0.02153605165212156
14 0.8484342908869809 0.2333494537835759 0.010180218298614676 0.04864614020243927
14 0.8852444704667277 0.2532386308975941 0.023712459695553606 0.020522590397903998
14 0.8846237254485194 0.2813621807021293 0.023712459695553748 0.018495667889469124
17 0.7823140373653215 0.4627606875570446 0.04438130881533809 0.11541907833920845
11 0.8581477844260712 0.4032058415473021 0.04303238025237476 0.07232332815525161
2 0.7723468855299741 0.38245374212446265 0.0061756311265753535 0.020623628994129176
14 0.546650717950814 0.2727876303977193 0.021259895526427926 0.03784870675569035
4 0.06842205553839346 0.6585451961936308 0.037718655138866755 0.05354911111107974
4 0.11171542862412505 0.6385764575201326 0.018430735648872733 0.037613746222189166
4 0.41560135245612934 0.49789305637975373 0.228490786848175 0.4644718710637015
9 0.33181588150370755 0.8291942061733633 0.02768894430688526 0.12652889368275028
4 0.7906099988400445 0.36574593113595893 0.02125210428175848 0.06991249657112135
4 0.7143174942958097 0.2554699873499722 0.020955207714607127 0.03875644283951573
14 0.8956308898651941 0.6017688275739834 0.025339124338504177 0.020067536789555546
14 0.8961981836936681 0.6341856177724965 0.023952406091123493 0.02006753678955569
14 0.8600804766141583 0.6461489570124239 0.023826340795907015 0.019810260676868908
14 0.8960090857508434 0.6666024079710094 0.023826340795907158 0.020582089014928896
13 0.8996725409728431 0.7035618001511533 0.03852229224077064 0.027641566513273118
21 0.6254073957961571 0.8668136523817356 0.12113017401748451 0.21613863856661297
21 0.8137421449704013 0.8675289392008543 0.11756752184049972 0.2134947408471436
16 0.11785166057822266 0.41383270106656767 0.18553143904775632 0.39463427679028373
21 0.19449456971435308 0.8301097850528913 0.17809487374216787 0.2746134107588982
2 0.5966148077478797 0.7416465504338546 0.011368647965966261 0.012120093780347929
4 0.8342569755612357 0.5141600538917775 0.04602425651292876 0.13819840445192477
5 0.955740035249523 0.46323303766186497 0.08851992950095379 0.528913929921336
10 0.1330385218426382 0.08140859936372209 0.0288761364635379 0.05231619892394411
10 0.13392248520376693 0.15687621965056103 0.025929591926442192 0.054120205783390475
10 0.17134360082488237 0.08080726374390665 0.024161665204184734 0.049910856444682336
10 0.20891204367285257 0.07840192126464483 0.025045628565313508 0.05592421264283682
10 0.24765910433566105 0.08110793155381436 0.02416166520418475 0.051714863304128666
10 0.2849328927299217 0.08110793155381436 0.025634937472732596 0.04930952082486688
10 0.32235400835103717 0.07990526031418346 0.02681355528757088 0.05412020578339047
10 0.36109903302107843 0.08238297991471662 0.027992173102409198 0.056525548262652256
10 0.3988148030959035 0.08208231210480889 0.024456319657894455 0.05592421264283681
10 0.4363832459438736 0.08148097648499344 0.023572356296765663 0.054721541403205926
10 0.4743936704724084 0.08238297991471662 0.02651890083386128 0.056525548262652256
10 0.5121094405472333 0.08178164429490117 0.022983047389346537 0.05051219206449778
10 0.5490885744877844 0.08087964086517799 0.02386701075047526 0.05351887016357502
10 0.5873936534700285 0.08057897305527024 0.025045628565313293 0.051714863304128666
10 0.6251094235448535 0.08298431553453206 0.024456319657894382 0.050512192064497786
10 0.6619412302585498 0.08388631896425522 0.02563493747273242 0.05592421264283682
10 0.6996570003333747 0.0811803086750857 0.024456319657894455 0.052917534543759574
10 0.7376674248619094 0.08298431553453206 0.024456319657894455 0.05412020578339047
10 0.7755305221635891 0.08268364772462433 0.023572356296765663 0.04870818520505143
10 0.8138356011458333 0.08328498334443978 0.02357235629676552 0.05351887016357502
10 0.851109389540094 0.08148097648499343 0.02327770184305592 0.05592421264283682
10 0.8509620623132392 0.16085727830063282 0.024161665204184855 0.0499108564446823
10 0.8138356011458333 0.15905327144118644 0.023572356296765663 0.04991085644468235
10 0.7755305221635893 0.1596546070610019 0.02475097411160405 0.04870818520505143
10 0.7378147520887641 0.158451935821371 0.025340283019023104 0.04870818520505143
10 0.69950967310652 0.16085727830063276 0.027108209741280406 0.05231619892394411
10 0.663119848073388 0.16025594268081736 0.02386701075047526 0.04870818520505141
10 0.6249620963179987 0.16145861392044822 0.02475097411160398 0.049910856444682315
10 0.5879829623774476 0.15754993239164783 0.02386701075047519 0.048106849585235964
10 0.549972537848913 0.16115794611054052 0.02445631965789424 0.04690417834560508
10 0.5116674588666689 0.15965460706100187 0.023277701843055994 0.049910856444682336
10 0.4738043615649892 0.15935393925109417 0.025340283019023104 0.052917534543759574
10 0.4368252276244381 0.15935393925109417 0.023277701843055994 0.05051219206449779
10 0.39852014864219387 0.15995527487090963 0.026224246380151826 0.0469041783456051
10 0.36109903302107843 0.15875260363127872 0.023277701843056064 0.05171486330412869
10 0.3230886084925439 0.15785060020155556 0.025045628565313435 0.05111352768431324
10 0.2847835295102998 0.1575499323916478 0.026224246380151826 0.05051219206449776
10 0.2463311233012008 0.15905327144118644 0.027108209741280406 0.054721541403205905
10 0.20846802599952102 0.1572492645817401 0.026224246380151753 0.049910856444682315
10 0.17237285542009864 0.15875260363127872 0.023572356296765625 0.05171486330412869
10 0.9228571428571429 0.10884353741496598 0.10095238095238102 0.19825072886297374
10 0.9238095238095237 0.8143828960155491 0.0876190476190476 0.18658892128279875
10 0.05857142857142858 0.8134110787172011 0.09428571428571429 0.19630709426627801
10 0.06 0.10884353741496598 0.09714285714285716 0.19825072886297374
