2 0.3269910773066638 0.3360282917346973 0.06016148581470592 0.02869814975508966
2 0.3345112630335021 0.37429249140815 0.03335038887554354 0.020726441489786893
2 0.3348382276303212 0.5424955358060359 0.030080742907352943 0.017537758183665774
2 0.47477907506887634 0.26627584441329905 0.014386442260038237 0.03427834554080136
2 0.5019171366048577 0.269065942306155 0.02027180500278135 0.039858541326513224
2 0.5839852504064403 0.26468150276023855 0.022233592583695696 0.06775952025507248
2 0.6163547454915268 0.2654786735867688 0.021579663390057676 0.06616517860201199
2 0.6719387269507657 0.26707301523982935 0.02027180500278135 0.07254254521425409
2 0.6696499747730326 0.3659221977295822 0.028772884520076758 0.016740587357135652
2 0.6716117623539469 0.5604318794029669 0.024849309358248063 0.02949532058161985
2 0.5002558331331527 0.7198452563568293 0.017002159034590746 0.03507551636733169
2 0.5273938946691342 0.7222367688364202 0.016348229840952796 0.03826419967345274
2 0.501890656117248 0.8581035928776128 0.015040371453676472 0.033481174714271165
2 0.33056120738406364 0.9043395008163683 0.015040371453676472 0.03029249140814997
22 0.4145911087665606 0.8792286197806649 0.13994084743855517 0.12037279480606983
14 0.5273430636863998 0.2671068716032392 0.01436247642062149 0.034402750537348335
14 0.5522884174695846 0.26726045531099524 0.01637826258491927 0.035324252783884486
14 0.7062008899268171 0.26699078274446647 0.023770610938648958 0.06858009911442561
14 0.7382912146939928 0.2679566996334021 0.022185903542738857 0.07147784978123234
14 0.7271826062981659 0.474023713245132 0.05982270419559967 0.03235821577934168
14 0.7267864294491884 0.5136263056914905 0.05586093570582463 0.0275286313346637
17 0.7373298276538955 0.14801024164695978 0.06857879063876553 0.12040620013198508
14 0.6635752792310723 0.06283205640075201 0.04011212282644763 0.11409670492856223
2 0.723527806896408 0.05179043979476211 0.013370707608815877 0.03417643235187347
14 0.7554449798980976 0.04153751008920008 0.02113434428490251 0.07361077737326596
14 0.4568218406885506 0.791611631425871 0.057418405382914275 0.02664018126081501
4 0.5027348405662554 0.5003766173759618 0.2759796396045896 0.3305300011170758
14 0.29817098489443233 0.1411638546437511 0.02178786628457285 0.06787669665797093
2 0.3320632213371013 0.07820575919287953 0.013718286179175507 0.032462767966855655
4 0.3594997936954523 0.18887428635261472 0.07666101100127498 0.16133011959285837
5 0.843686103872906 0.07477760098656037 0.09052744474273937 0.07236542030957456
5 0.845664845834496 0.19026075089725644 0.09052744474273937 0.07055628480183516
5 0.8459121885796946 0.30242715237709705 0.09003275925234178 0.07417455581731393
5 0.8454175030892972 0.4157996441954305 0.08706464630995697 0.07658673649429971
5 0.8451701603440985 0.5276645230906477 0.0885487027811493 0.07839587200203908
5 0.8491276442672785 0.6425446278320973 0.09250618670432914 0.07538064615580672
5 0.8481382732864833 0.75863082291204 0.09349555768512417 0.07236542030957452
5 0.8469015595604898 0.8715513789505052 0.09003275925234164 0.0711593299710816
5 0.153847187513617 0.8732094050688665 0.09201150121393172 0.07477760098656049
5 0.15508390123961072 0.7592338680812865 0.08854870278114932 0.06874714929409592
5 0.15681530045600187 0.6434491955859671 0.0890433882715468 0.0711593299710816
5 0.15829935692719432 0.5315843166907497 0.08805401729075182 0.0717623751403282
5 0.1568153004560019 0.41851334745703944 0.08706464630995686 0.06754105895560286
5 0.1563206149656044 0.3033317201309667 0.08904338827154686 0.07236542030957455
5 0.1575573286915981 0.1899592283126332 0.09052744474273924 0.06995323963258875
5 0.15656795771080315 0.07718978166354619 0.08854870278114936 0.07357151064806745
